1 0  0  0
2 0  5  0
3 -1 6.5  0
4 -1 8.5  0
5  0 8.5  0
6  0 6.5  0
7  3 6.5  0
8  3 8.5  0 
9  4 8.5  0
10 4 6.5  0
11 2  5  0
12 2  0  0
13 0  0  1
14 0  5.0 1
15 -1 6.5 1
16 -1 8.5 1
17 0  8.5 1
18 0  6.5 1
19 3  6.5 1
20 3  8.5 1
21 4  8.5 1
22 4  6.5 1
23 2  5.0 1
24 2  0  1 



100 1   6.6  0.1
102 0.1 7.6  0.1
103 0.1 8.6  0.1
104 1   9.6  0.1
105 2   9.6  0.1
106 2.9 8.6  0.1
107 2.9 7.6  0.1
108 2   6.6  0.1
109 1   6.6  0.7
110 0.1 7.6  0.7
111 0.1 8.6  0.7 
112 1   9.6  0.7
113 2   9.6  0.7
114 2.9 8.6  0.7
115 2.9 7.6  0.7
116 2   6.6  0.7

300 1.50049  8.10149  0.1
301 1.50049  8.10149  0.7


Faces:
13 14 23 24.
24 23 14 13.
23 22 15 14.
18 17 16 15.
22 21 20 19.
1 2 11 12.
2 3 10 11.
3 4 5 6.
7 8 9 10.

1 12 24 13.
11 23 24 12.
11 10 22 23.
10  9 21 22.
9  8  20 21.
8  7  19 20.
7  6  18 19.
6  5  17 18.
5  4  16 17.
4  3  15 16.
3  2  14 15.
2  1  13 14.


110 102 100 109.
111 103 102 110.
112 104 103 111.
113 105 104 112.
114 106 105 113.
115 107 106 114.
116 108 107 115.


100 102 103 104 105 106 107 108.
108 107 106 105 104 103 102 100.
109 110 111 112 113 114 115 116.
116 115 114 113 112 111 110 109.



















